0 537.17
1 543.18
2 548.50
3 558.99
4 591.68
5 582.41
6 590.51
7 580.70
8 583.67
9 590.49
10 596.42
11 583.16
12 586.31
13 598.67
14 600.14
15 592.64
16 578.65
17 584.82
18 597.50
19 596.14
20 608.33
21 612.34
22 600.95
23 595.08
24 608.35
25 613.00
26 616.56
27 611.47
28 600.87
29 594.88
30 580.94
31 580.00
32 570.11
33 563.00
34 588.19
35 582.93
36 599.39
37 613.77
38 620.36
39 625.65
40 623.77
41 623.39
42 616.05
43 627.42
44 625.39
45 625.63
46 618.07
47 619.54
48 625.96
49 621.83
50 630.37
51 625.82
52 629.70
53 633.14
54 640.25
55 639.70
56 642.40
57 645.90
58 665.41
59 668.28
60 659.01
61 650.02
62 622.46
63 623.14
64 625.96
65 629.64
66 624.99
67 628.58
68 632.91
69 639.57
70 585.99
71 585.52
72 580.93
73 569.49
74 568.10
75 579.98
76 577.69
77 580.11
78 580.83
79 585.11
80 596.33
81 609.09
82 606.77
83 609.85
84 611.46
85 605.91
86 612.20
87 609.76
88 605.56
89 606.52
90 604.64
91 614.00
92 607.94
93 606.11
94 609.90
95 609.31
96 618.39
97 618.25
98 622.40
99 621.25
100 614.25
101 604.96
102 606.80
103 607.14
104 600.25
105 605.15
106 617.78
107 615.99
108 621.13
109 625.04
110 633.98
111 633.49
112 639.98
113 646.05
114 642.59
115 649.33
116 647.02
117 655.76
118 648.41
119 641.24
120 646.92
121 642.62
122 635.15
123 632.32
124 630.84
125 626.86
126 635.96
127 651.01
128 624.60
129 606.07
130 609.57
131 607.45
132 599.30
133 596.06
134 597.60
135 601.27
136 609.72
137 615.47
138 614.98
139 604.85
140 604.43
141 607.26
142 611.02
143 596.97
144 607.55
145 612.79
146 609.15
147 613.66
148 605.23
149 604.00
150 611.11
151 628.93
152 623.05
153 600.40
154 614.11
155 600.80
156 609.46
157 603.66
158 591.53
159 594.34
160 588.23
161 580.86
162 570.98
163 578.59
164 570.41
165 580.57
166 578.23
167 580.45
168 568.50
169 565.10
170 561.09
171 559.05
172 564.51
173 570.85
174 581.53
175 577.51
176 565.21
177 571.48
178 560.70
179 564.68
180 569.30
181 564.31
182 580.07
183 580.47
184 587.83
185 595.92
186 585.98
187 586.01
188 581.70
189 571.19
190 570.48
191 576.52
192 574.92
193 576.73
194 580.76
195 593.06
196 610.82
197 615.51
198 607.57
199 607.99
200 613.36
201 634.96
202 632.30
203 632.97
204 632.68
205 628.75
206 641.33
207 642.82
208 640.54
209 642.23
210 642.35
211 642.00
212 660.01
213 668.66
214 667.54
215 672.87
216 677.14
217 675.54
218 669.51
219 677.18
220 676.80
221 678.63
222 669.22
223 677.25
224 688.01
225 681.68
226 685.09
227 681.04
228 680.72
229 699.40
230 706.15
231 700.77
232 692.19
233 690.88
234 706.04
235 709.68
236 709.98
237 718.28
238 727.50
239 728.12
240 733.99
241 749.38
242 749.16
243 753.46
244 756.50
245 754.50
246 761.78
247 756.99
248 762.50
249 768.05
250 767.65
