0 23.23
1 24.41
2 23.88
3 23.61
4 23.97
5 22.40
6 23.21
7 22.31
8 22.31
9 22.77
10 23.49
11 22.27
12 20.72
13 21.28
14 21.30
15 20.20
16 19.30
17 18.91
18 18.85
19 18.97
20 18.89
21 18.83
22 18.05
23 17.58
24 18.49
25 18.29
26 19.13
27 19.21
28 18.65
29 18.19
30 17.36
31 16.87
32 16.20
33 16.00
34 16.48
35 17.37
36 17.86
37 18.58
38 16.77
39 17.02
40 17.03
41 16.64
42 16.33
43 16.46
44 16.21
45 15.48
46 15.08
47 15.13
48 13.44
49 12.89
50 12.52
51 13.78
52 14.00
53 13.92
54 14.87
55 14.25
56 14.34
57 14.50
58 15.51
59 15.08
60 15.05
61 15.34
62 15.51
63 15.51
64 15.61
65 16.44
66 16.17
67 17.47
68 17.28
69 17.57
70 17.00
71 15.56
72 15.01
73 16.30
74 16.26
75 16.80
76 17.02
77 16.63
78 16.70
79 17.21
80 16.88
81 16.58
82 16.71
83 16.49
84 15.90
85 15.44
86 14.90
87 14.57
88 14.80
89 15.39
90 15.07
91 14.88
92 14.66
93 14.67
94 14.72
95 14.42
96 14.50
97 14.17
98 13.58
99 13.79
100 13.32
101 13.13
102 12.90
103 13.20
104 13.58
105 13.11
106 13.49
107 13.15
108 13.45
109 14.38
110 14.47
111 14.11
112 14.04
113 13.78
114 13.66
115 14.04
116 13.89
117 13.67
118 13.73
119 14.70
120 14.37
121 13.01
122 12.76
123 12.67
124 13.02
125 12.93
126 13.05
127 13.35
128 12.89
129 13.42
130 13.41
131 13.20
132 13.47
133 13.34
134 13.08
135 13.25
136 13.65
137 14.14
138 14.03
139 14.30
140 13.48
141 12.80
142 12.04
143 12.01
144 11.82
145 12.01
146 11.91
147 11.80
148 11.80
149 11.80
150 11.10
151 11.02
152 11.38
153 10.99
154 11.50
155 11.06
156 11.09
157 10.71
158 11.00
159 11.23
160 10.35
161 10.33
162 10.26
163 9.66
164 9.99
165 10.34
166 10.72
167 10.88
168 10.36
169 10.61
170 10.67
171 10.40
172 10.89
173 10.60
174 10.75
175 10.33
176 10.07
177 9.86
178 9.11
179 8.97
180 9.18
181 9.13
182 7.39
183 7.49
184 7.35
185 7.69
186 8.10
187 7.67
188 7.29
189 7.40
190 7.42
191 7.25
192 7.00
193 6.92
194 6.95
195 6.96
196 6.78
197 6.86
198 6.93
199 6.81
200 6.97
201 7.38
202 7.23
203 7.15
204 7.12
205 6.95
206 6.99
207 7.26
208 7.31
209 7.62
210 7.80
211 8.29
212 8.07
213 7.56
214 7.52
215 7.50
216 7.47
217 7.35
218 7.16
219 7.07
220 7.07
221 6.94
222 7.07
223 7.02
224 6.91
225 6.71
226 6.69
227 6.65
228 6.52
229 6.72
230 7.19
231 7.15
232 7.46
233 7.42
234 7.43
235 7.56
236 7.25
237 7.42
238 7.21
239 6.91
240 6.46
241 6.31
242 6.60
243 7.00
244 7.14
245 7.50
246 7.86
247 8.27
248 8.06
249 8.23
250 8.22
