0 387.15
1 398.58
2 400.47
3 406.68
4 420.20
5 418.19
6 420.43
7 396.92
8 393.62
9 391.19
10 404.04
11 396.07
12 398.89
13 402.96
14 403.22
15 403.05
16 394.81
17 395.71
18 401.35
19 398.53
20 398.02
21 404.49
22 393.59
23 383.57
24 382.98
25 377.64
26 387.17
27 383.13
28 375.80
29 373.34
30 367.43
31 374.90
32 365.42
33 362.02
34 374.51
35 371.60
36 380.57
37 386.27
38 388.03
39 391.33
40 389.28
41 387.43
42 388.99
43 391.94
44 390.16
45 387.15
46 378.56
47 377.32
48 379.39
49 380.58
50 394.26
51 394.76
52 396.85
53 401.61
54 404.79
55 400.92
56 403.39
57 403.27
58 409.47
59 411.67
60 416.24
61 420.59
62 419.93
63 421.43
64 420.74
65 419.59
66 418.02
67 422.88
68 427.28
69 425.92
70 418.50
71 425.58
72 418.61
73 444.75
74 442.73
75 445.37
76 451.07
77 454.53
78 454.24
79 453.17
80 457.71
81 461.99
82 466.83
83 474.64
84 491.06
85 491.31
86 500.45
87 507.28
88 495.54
89 500.06
90 499.97
91 512.65
92 510.85
93 514.18
94 520.18
95 523.51
96 533.12
97 540.12
98 542.14
99 542.85
100 530.88
101 527.99
102 528.42
103 539.67
104 542.84
105 549.64
106 565.67
107 587.06
108 583.06
109 583.07
110 598.53
111 603.37
112 599.92
113 596.78
114 593.50
115 604.39
116 611.85
117 614.98
118 607.25
119 596.99
120 615.99
121 626.63
122 621.64
123 630.97
124 633.51
125 625.75
126 623.52
127 620.11
128 602.64
129 577.65
130 607.09
131 605.74
132 584.93
133 570.53
134 569.26
135 557.88
136 607.39
137 605.10
138 600.42
139 581.48
140 579.64
141 583.47
142 579.33
143 562.83
144 567.05
145 565.75
146 566.75
147 568.08
148 564.29
149 555.83
150 550.81
151 543.75
152 527.85
153 528.11
154 558.88
155 554.59
156 568.12
157 562.90
158 559.89
159 569.82
160 576.69
161 575.26
162 558.59
163 561.88
164 560.42
165 569.02
166 569.28
167 577.84
168 568.73
169 573.70
170 569.71
171 569.09
172 571.68
173 583.28
174 584.90
175 583.24
176 575.20
177 579.61
178 568.33
179 569.58
180 572.04
181 566.62
182 581.50
183 589.99
184 596.85
185 607.33
186 603.29
187 611.27
188 605.61
189 601.85
190 596.34
191 602.38
192 604.32
193 604.35
194 603.67
195 611.69
196 601.72
197 601.25
198 598.35
199 572.51
200 572.42
201 582.66
202 592.49
203 608.15
204 604.22
205 605.19
206 613.07
207 619.89
208 618.26
209 617.21
210 620.73
211 621.70
212 630.00
213 631.69
214 630.83
215 636.34
216 648.11
217 665.15
218 656.06
219 668.87
220 662.63
221 663.22
222 675.68
223 674.80
224 673.47
225 663.87
226 665.24
227 674.97
228 670.23
229 676.27
230 680.44
231 662.74
232 660.59
233 669.79
234 682.98
235 691.28
236 699.78
237 701.91
238 702.10
239 698.70
240 700.09
241 690.79
242 673.54
243 665.18
244 681.32
245 667.10
246 659.39
247 661.31
248 671.45
249 666.80
250 652.59
