0 231.32
1 235.48
2 236.81
3 236.15
4 246.71
5 242.33
6 243.88
7 231.53
8 233.61
9 234.78
10 237.61
11 227.15
12 198.40
13 206.78
14 217.32
15 213.51
16 212.10
17 215.62
18 218.29
19 216.48
20 217.00
21 217.99
22 211.22
23 210.79
24 217.39
25 218.93
26 217.83
27 211.99
28 204.52
29 197.14
30 189.25
31 192.34
32 188.99
33 182.40
34 194.15
35 188.39
36 192.29
37 197.13
38 196.03
39 196.24
40 191.99
41 195.32
42 190.48
43 193.03
44 189.52
45 180.51
46 180.21
47 181.26
48 181.26
49 179.33
50 182.52
51 174.35
52 179.03
53 177.28
54 176.27
55 173.89
56 173.86
57 173.10
58 179.03
59 177.51
60 177.61
61 182.61
62 178.56
63 179.34
64 178.90
65 175.93
66 178.42
67 181.66
68 189.44
69 194.45
70 190.93
71 186.09
72 187.00
73 187.80
74 193.32
75 195.37
76 192.15
77 194.44
78 179.46
79 181.72
80 187.68
81 183.14
82 184.19
83 185.48
84 184.98
85 185.54
86 191.59
87 191.30
88 184.47
89 179.93
90 182.50
91 182.26
92 180.58
93 178.89
94 179.13
95 178.53
96 183.80
97 179.69
98 180.04
99 179.30
100 180.26
101 181.09
102 183.77
103 187.64
104 184.32
105 183.39
106 184.59
107 182.26
108 184.43
109 185.05
110 185.52
111 192.33
112 191.73
113 192.40
114 195.04
115 202.87
116 205.44
117 201.16
118 204.61
119 202.51
120 198.05
121 199.66
122 193.99
123 194.39
124 191.87
125 186.98
126 187.97
127 190.69
128 188.46
129 185.50
130 188.39
131 191.07
132 191.10
133 189.98
134 188.24
135 190.33
136 194.42
137 195.99
138 226.85
139 231.90
140 230.04
141 230.25
142 229.45
143 223.99
144 225.16
145 223.90
146 222.98
147 226.69
148 227.68
149 222.93
150 224.39
151 224.06
152 218.36
153 213.85
154 218.11
155 215.33
156 217.28
157 215.24
158 212.89
159 214.75
160 209.23
161 212.91
162 208.22
163 214.57
164 213.21
165 217.64
166 218.80
167 218.48
168 216.50
169 216.42
170 214.73
171 214.45
172 218.35
173 222.66
174 224.03
175 223.02
176 220.57
177 222.16
178 220.07
179 225.61
180 225.62
181 221.31
182 228.35
183 229.32
184 229.53
185 227.06
186 225.05
187 225.05
188 219.50
189 218.37
190 215.36
191 218.39
192 216.01
193 216.93
194 217.47
195 226.17
196 228.29
197 226.01
198 223.04
199 217.05
200 220.01
201 237.32
202 236.09
203 233.30
204 232.09
205 230.81
206 234.97
207 233.99
208 236.56
209 234.38
210 234.06
211 232.75
212 232.44
213 233.19
214 237.42
215 241.55
216 241.17
217 240.35
218 239.45
219 243.10
220 241.20
221 245.74
222 243.92
223 246.11
224 247.12
225 246.22
226 248.27
227 247.88
228 246.22
229 251.38
230 259.14
231 257.09
232 255.67
233 255.63
234 260.24
235 261.27
236 258.00
237 258.75
238 261.68
239 260.81
240 257.47
241 254.80
242 252.46
243 249.67
244 256.59
245 254.32
246 252.01
247 250.60
248 255.92
249 260.47
250 258.51
