0 16.77
1 16.67
2 16.92
3 17.09
4 17.22
5 16.84
6 17.18
7 16.83
8 16.86
9 17.05
10 17.21
11 17.29
12 17.28
13 18.09
14 18.21
15 18.18
16 17.26
17 17.51
18 17.84
19 17.69
20 17.67
21 17.96
22 17.28
23 18.26
24 18.66
25 18.58
26 18.76
27 18.44
28 18.13
29 18.07
30 17.66
31 17.58
32 17.08
33 17.17
34 17.67
35 17.34
36 18.29
37 18.23
38 18.20
39 18.43
40 18.37
41 18.63
42 18.22
43 18.52
44 18.18
45 18.12
46 17.64
47 17.70
48 17.60
49 17.35
50 18.06
51 17.58
52 17.79
53 18.12
54 18.23
55 17.82
56 17.90
57 17.74
58 18.34
59 18.69
60 18.62
61 18.55
62 18.67
63 18.53
64 18.77
65 18.85
66 18.76
67 19.01
68 19.23
69 19.48
70 19.61
71 19.52
72 19.51
73 19.52
74 19.52
75 19.25
76 19.25
77 19.34
78 19.49
79 19.49
80 19.77
81 19.87
82 19.88
83 20.11
84 19.69
85 19.59
86 19.72
87 19.75
88 19.60
89 19.87
90 19.97
91 20.04
92 19.80
93 19.91
94 19.82
95 19.85
96 19.88
97 19.57
98 19.57
99 19.45
100 19.29
101 19.17
102 19.11
103 19.37
104 19.49
105 19.52
106 19.90
107 19.88
108 19.60
109 19.72
110 19.82
111 20.25
112 20.18
113 20.06
114 20.21
115 20.51
116 20.58
117 20.75
118 20.70
119 20.82
120 20.86
121 20.57
122 20.12
123 19.98
124 19.72
125 19.32
126 19.78
127 19.82
128 19.61
129 19.49
130 19.84
131 19.82
132 19.67
133 19.67
134 19.44
135 19.19
136 19.26
137 19.37
138 19.74
139 19.92
140 19.74
141 19.60
142 19.48
143 18.89
144 18.85
145 18.49
146 18.56
147 16.61
148 16.31
149 16.51
150 16.34
151 16.49
152 16.35
153 16.27
154 16.47
155 16.53
156 16.49
157 16.19
158 16.13
159 16.39
160 16.19
161 16.13
162 15.77
163 15.92
164 15.93
165 16.49
166 16.38
167 16.53
168 16.28
169 16.59
170 16.46
171 16.72
172 16.90
173 16.93
174 16.97
175 17.30
176 16.73
177 16.92
178 16.74
179 16.62
180 16.53
181 16.28
182 16.96
183 16.95
184 17.02
185 16.82
186 16.65
187 16.53
188 16.29
189 16.26
190 15.86
191 16.19
192 16.07
193 16.11
194 16.58
195 16.56
196 16.24
197 15.95
198 15.01
199 15.31
200 15.27
201 15.57
202 15.75
203 15.83
204 15.86
205 15.62
206 16.23
207 16.57
208 17.01
209 17.03
210 17.57
211 17.41
212 17.21
213 17.04
214 17.22
215 18.88
216 18.92
217 18.80
218 19.02
219 19.08
220 18.99
221 19.06
222 19.22
223 19.08
224 19.06
225 18.76
226 18.94
227 18.86
228 18.76
229 19.58
230 19.42
231 19.01
232 18.90
233 18.94
234 19.22
235 19.35
236 19.02
237 18.91
238 18.98
239 18.97
240 18.76
241 18.67
242 18.53
243 18.44
244 18.66
245 18.96
246 18.90
247 18.87
248 18.93
249 18.90
250 18.86
