0 15.97
1 16.05
2 16.11
3 16.23
4 16.49
5 15.84
6 16.24
7 15.77
8 14.93
9 15.12
10 15.57
11 15.49
12 15.78
13 16.19
14 16.18
15 15.68
16 15.01
17 15.33
18 15.54
19 15.24
20 15.43
21 15.47
22 14.68
23 14.84
24 15.23
25 15.20
26 15.51
27 15.01
28 14.80
29 14.78
30 14.75
31 14.71
32 14.19
33 14.11
34 14.86
35 14.82
36 15.63
37 15.67
38 15.57
39 15.80
40 15.73
41 15.77
42 15.38
43 15.66
44 15.30
45 15.07
46 14.93
47 14.93
48 14.91
49 14.56
50 15.03
51 14.58
52 14.65
53 14.78
54 14.74
55 14.56
56 14.64
57 14.51
58 14.86
59 14.90
60 15.05
61 15.22
62 15.46
63 15.69
64 15.67
65 15.81
66 15.75
67 15.95
68 16.26
69 16.44
70 16.54
71 16.74
72 16.72
73 16.66
74 16.56
75 16.61
76 16.84
77 17.09
78 17.26
79 17.46
80 17.52
81 17.51
82 17.69
83 17.91
84 17.92
85 17.61
86 17.84
87 17.90
88 17.85
89 18.17
90 18.01
91 18.06
92 17.01
93 17.26
94 17.29
95 17.38
96 17.44
97 17.16
98 17.24
99 17.22
100 16.97
101 16.68
102 16.86
103 17.07
104 16.79
105 16.82
106 17.09
107 17.28
108 17.21
109 17.16
110 17.23
111 17.02
112 17.08
113 16.88
114 16.35
115 16.57
116 16.53
117 16.39
118 16.47
119 16.47
120 16.64
121 16.48
122 16.33
123 16.36
124 16.09
125 16.12
126 16.13
127 16.14
128 15.98
129 16.00
130 16.25
131 16.03
132 16.03
133 16.03
134 15.97
135 16.05
136 16.29
137 16.40
138 16.31
139 16.24
140 16.27
141 16.05
142 16.10
143 15.68
144 15.69
145 15.58
146 15.54
147 15.43
148 15.30
149 15.32
150 15.22
151 14.90
152 14.82
153 14.62
154 14.85
155 14.96
156 12.39
157 12.35
158 12.36
159 12.56
160 12.46
161 12.23
162 11.97
163 11.90
164 12.06
165 12.12
166 12.03
167 12.02
168 11.77
169 11.87
170 12.18
171 12.24
172 12.20
173 12.32
174 12.08
175 12.20
176 11.90
177 12.10
178 11.85
179 11.83
180 12.23
181 11.85
182 12.41
183 12.29
184 12.58
185 12.53
186 12.46
187 12.17
188 12.20
189 12.18
190 12.03
191 12.22
192 12.09
193 12.02
194 11.97
195 12.13
196 11.91
197 11.71
198 11.48
199 11.40
200 11.74
201 11.93
202 11.76
203 11.79
204 11.70
205 11.38
206 11.61
207 11.71
208 12.05
209 12.20
210 12.29
211 12.31
212 12.23
213 12.09
214 12.11
215 12.13
216 12.12
217 12.46
218 12.24
219 11.59
220 11.15
221 11.17
222 11.03
223 10.82
224 10.79
225 10.59
226 10.51
227 10.48
228 10.44
229 10.44
230 10.55
231 10.53
232 10.55
233 10.55
234 10.55
235 10.74
236 10.61
237 10.49
238 10.36
239 10.42
240 10.29
241 10.08
242 9.90
243 9.93
244 10.04
245 9.86
246 9.80
247 9.90
248 9.43
249 9.47
250 9.66
