0 26.22
1 26.28
2 26.24
3 26.45
4 26.54
5 26.26
6 26.58
7 26.40
8 26.31
9 26.43
10 26.46
11 26.09
12 25.88
13 26.52
14 26.26
15 25.92
16 25.29
17 25.31
18 25.82
19 25.55
20 26.08
21 26.43
22 25.50
23 25.57
24 26.19
25 26.04
26 26.22
27 25.56
28 25.04
29 24.81
30 24.51
31 24.31
32 23.99
33 23.83
34 24.38
35 24.36
36 25.08
37 24.79
38 24.73
39 25.20
40 25.16
41 25.10
42 24.90
43 25.20
44 25.01
45 25.26
46 25.09
47 25.06
48 25.49
49 25.03
50 25.52
51 25.26
52 25.31
53 25.52
54 25.53
55 25.32
56 25.51
57 25.45
58 26.25
59 26.87
60 27.14
61 27.56
62 27.20
63 27.30
64 27.18
65 27.45
66 27.70
67 27.71
68 27.68
69 27.57
70 29.13
71 29.15
72 28.77
73 28.98
74 28.92
75 28.66
76 29.03
77 28.95
78 29.31
79 29.37
80 29.65
81 29.61
82 29.76
83 30.06
84 30.17
85 29.90
86 29.98
87 29.86
88 29.66
89 30.88
90 30.84
91 31.03
92 30.86
93 30.96
94 31.07
95 30.94
96 31.45
97 31.33
98 31.87
99 31.66
100 31.38
101 31.15
102 31.42
103 31.59
104 31.57
105 31.62
106 32.24
107 32.34
108 32.42
109 32.17
110 31.78
111 31.57
112 31.49
113 31.58
114 31.59
115 32.16
116 32.10
117 31.77
118 31.70
119 31.84
120 31.87
121 31.52
122 30.80
123 31.11
124 30.69
125 30.07
126 29.95
127 30.58
128 30.41
129 30.67
130 31.03
131 30.73
132 30.61
133 32.00
134 31.70
135 31.50
136 31.78
137 31.69
138 31.56
139 31.60
140 31.59
141 31.38
142 31.35
143 30.58
144 30.25
145 30.10
146 30.36
147 30.34
148 30.75
149 30.28
150 30.01
151 29.70
152 29.52
153 29.08
154 29.55
155 29.56
156 28.92
157 28.88
158 28.87
159 29.37
160 29.15
161 29.00
162 28.26
163 28.36
164 28.32
165 29.16
166 29.04
167 29.45
168 28.71
169 29.10
170 28.94
171 29.15
172 29.82
173 29.64
174 30.50
175 30.73
176 29.94
177 30.50
178 29.67
179 29.82
180 29.97
181 29.71
182 30.39
183 30.36
184 30.56
185 30.50
186 29.99
187 29.80
188 29.54
189 29.11
190 28.44
191 29.20
192 29.25
193 29.46
194 30.25
195 30.47
196 29.92
197 29.09
198 28.96
199 28.64
200 28.97
201 29.56
202 29.44
203 29.28
204 29.22
205 29.00
206 29.55
207 29.75
208 30.06
209 30.13
210 30.30
211 30.22
212 30.19
213 30.13
214 30.20
215 30.78
216 30.90
217 30.74
218 30.80
219 30.54
220 30.26
221 30.56
222 30.69
223 30.63
224 30.65
225 30.32
226 30.82
227 30.39
228 30.39
229 31.35
230 30.95
231 30.72
232 30.79
233 30.78
234 30.94
235 31.21
236 31.21
237 31.18
238 31.05
239 31.45
240 31.19
241 30.78
242 30.39
243 30.17
244 30.16
245 29.76
246 29.49
247 29.66
248 29.86
249 30.03
250 29.85
