0 27.68
1 27.30
2 27.51
3 27.61
4 27.68
5 27.53
6 27.72
7 27.60
8 27.51
9 27.64
10 27.40
11 26.96
12 27.28
13 27.96
14 28.22
15 27.81
16 27.23
17 27.59
18 27.93
19 27.67
20 27.93
21 27.95
22 27.43
23 27.67
24 27.91
25 27.70
26 27.75
27 27.31
28 27.15
29 27.17
30 26.91
31 26.64
32 26.14
33 26.01
34 26.52
35 26.62
36 27.50
37 27.36
38 27.48
39 27.66
40 27.68
41 27.90
42 27.38
43 27.54
44 27.53
45 27.55
46 27.34
47 27.32
48 27.37
49 27.27
50 27.63
51 27.80
52 28.14
53 28.34
54 28.50
55 28.42
56 28.63
57 28.69
58 28.83
59 28.87
60 28.84
61 28.57
62 28.56
63 28.65
64 28.87
65 29.00
66 28.95
67 29.12
68 29.20
69 29.29
70 29.37
71 29.27
72 28.97
73 29.08
74 28.35
75 28.07
76 28.25
77 28.31
78 28.50
79 28.68
80 28.83
81 28.85
82 28.92
83 28.90
84 28.87
85 28.73
86 28.92
87 28.95
88 28.76
89 28.90
90 28.89
91 29.21
92 29.15
93 29.33
94 29.21
95 29.23
96 29.39
97 29.45
98 29.49
99 29.72
100 29.84
101 29.59
102 29.73
103 29.85
104 30.02
105 30.27
106 30.45
107 30.28
108 30.46
109 30.41
110 30.47
111 30.61
112 30.65
113 30.53
114 30.35
115 30.61
116 30.46
117 30.19
118 30.05
119 30.07
120 30.28
121 30.26
122 30.39
123 30.21
124 29.92
125 29.42
126 29.73
127 30.11
128 29.82
129 29.89
130 30.16
131 30.02
132 30.01
133 30.13
134 29.89
135 30.97
136 30.99
137 31.67
138 31.90
139 32.13
140 32.28
141 32.26
142 32.33
143 32.08
144 32.22
145 32.26
146 32.03
147 32.35
148 32.80
149 32.74
150 32.56
151 32.41
152 32.50
153 32.86
154 32.84
155 32.75
156 32.57
157 32.84
158 32.89
159 33.14
160 33.04
161 33.36
162 33.10
163 33.34
164 33.25
165 33.74
166 33.35
167 33.73
168 33.77
169 34.15
170 34.15
171 34.85
172 34.87
173 34.79
174 34.63
175 34.57
176 34.20
177 34.34
178 34.12
179 34.15
180 34.36
181 34.55
182 34.82
183 35.34
184 35.15
185 34.92
186 35.03
187 35.13
188 35.03
189 34.86
190 34.47
191 34.94
192 35.01
193 35.41
194 35.77
195 35.07
196 34.89
197 34.97
198 34.23
199 34.92
200 35.88
201 36.71
202 37.00
203 37.48
204 37.21
205 37.11
206 37.15
207 37.18
208 37.01
209 37.00
210 36.80
211 37.06
212 36.96
213 36.82
214 36.67
215 36.81
216 36.74
217 36.47
218 36.17
219 36.14
220 36.14
221 36.53
222 36.45
223 36.22
224 36.40
225 36.27
226 36.22
227 36.39
228 36.51
229 37.01
230 36.87
231 36.99
232 37.19
233 37.29
234 37.71
235 36.83
236 37.17
237 37.23
238 37.33
239 37.50
240 37.64
241 37.81
242 37.62
243 37.64
244 37.55
245 37.27
246 37.32
247 37.38
248 37.73
249 37.90
250 37.86
251 37.66
