0 35.16
1 34.78
2 34.94
3 35.28
4 35.57
5 35.20
6 35.49
7 35.31
8 35.35
9 35.66
10 35.19
11 34.49
12 35.08
13 35.89
14 35.86
15 35.24
16 34.75
17 35.07
18 35.69
19 35.42
20 35.58
21 35.75
22 35.15
23 35.57
24 35.75
25 35.26
26 35.49
27 34.93
28 34.97
29 34.74
30 34.37
31 34.49
32 33.69
33 33.69
34 34.54
35 34.91
36 35.95
37 35.99
38 36.07
39 36.26
40 36.52
41 36.51
42 36.03
43 36.62
44 36.55
45 36.46
46 36.46
47 36.61
48 36.96
49 36.81
50 37.37
51 37.38
52 37.44
53 38.10
54 38.11
55 37.89
56 38.17
57 38.23
58 37.86
59 37.37
60 37.11
61 37.00
62 37.04
63 37.23
64 37.55
65 37.57
66 37.57
67 37.67
68 37.66
69 37.65
70 37.62
71 37.07
72 36.48
73 36.38
74 36.05
75 35.92
76 36.31
77 36.35
78 36.49
79 36.26
80 36.53
81 36.82
82 36.61
83 36.61
84 36.61
85 36.38
86 36.81
87 36.72
88 36.52
89 36.73
90 37.13
91 37.16
92 36.89
93 36.81
94 36.82
95 36.81
96 36.83
97 36.79
98 37.10
99 37.33
100 37.65
101 37.35
102 37.52
103 37.86
104 37.75
105 37.96
106 38.11
107 38.10
108 38.17
109 38.20
110 38.28
111 38.26
112 38.40
113 38.29
114 38.05
115 37.97
116 37.32
117 36.93
118 36.75
119 36.91
120 37.19
121 37.13
122 37.06
123 36.83
124 36.64
125 35.99
126 36.56
127 36.73
128 36.44
129 36.61
130 36.91
131 36.83
132 37.31
133 37.88
134 37.72
135 38.63
136 38.61
137 39.26
138 39.35
139 39.50
140 39.67
141 39.71
142 39.75
143 39.38
144 39.64
145 39.66
146 39.37
147 39.66
148 40.26
149 39.99
150 40.15
151 39.98
152 40.46
153 40.62
154 40.43
155 40.48
156 40.38
157 40.48
158 40.54
159 40.84
160 40.51
161 40.73
162 40.13
163 40.43
164 40.30
165 40.85
166 40.73
167 41.51
168 41.63
169 42.00
170 42.05
171 42.79
172 42.60
173 42.86
174 42.77
175 42.35
176 42.38
177 42.99
178 42.69
179 42.88
180 42.82
181 43.01
182 43.47
183 43.95
184 43.96
185 43.91
186 43.94
187 44.25
188 44.21
189 44.41
190 44.18
191 44.72
192 44.78
193 45.16
194 45.39
195 44.05
196 44.01
197 43.87
198 43.29
199 43.24
200 43.98
201 44.41
202 44.46
203 44.65
204 44.72
205 44.13
206 43.98
207 44.20
208 43.99
209 43.70
210 43.86
211 44.11
212 43.79
213 43.85
214 43.71
215 43.64
216 43.58
217 43.22
218 42.42
219 42.16
220 41.79
221 42.70
222 42.29
223 42.21
224 42.62
225 42.30
226 42.47
227 43.22
228 43.32
229 43.67
230 43.24
231 43.58
232 43.76
233 44.40
234 45.08
235 44.04
236 44.09
237 44.42
238 44.78
239 44.99
240 45.14
241 45.18
242 45.12
243 45.09
244 45.26
245 45.07
246 45.31
247 45.36
248 45.78
249 46.74
250 47.05
251 46.57
